To print the all the path with steps for going from (0,0) to (n,m)
input:

{true,true,true}, 
{true,true,true},
{true,true,true}

output:

[1, 0, 0]
[2, 0, 0]
[3, 4, 5]
DDRR

[1, 0, 0]
[2, 5, 6]
[3, 4, 7]
DDRURD

[1, 6, 7]
[2, 5, 8]
[3, 4, 9]
DDRUURDD

[1, 0, 0]
[2, 3, 0]
[0, 4, 5]
DRDR

[1, 0, 0]
[2, 3, 4]
[0, 0, 5]
DRRD

[1, 4, 5]
[2, 3, 6]
[0, 0, 7]
DRURDD

[1, 2, 0]
[0, 3, 0]
[0, 4, 5]
RDDR

[1, 2, 0]
[0, 3, 4]
[0, 0, 5]
RDRD

[1, 2, 0]
[4, 3, 0]
[5, 6, 7]
RDDDRR

[1, 2, 3]
[0, 0, 4]
[0, 0, 5]
RRDD

[1, 2, 3]
[0, 5, 4]
[0, 6, 7]
RRDDDR

[1, 2, 3]
[6, 5, 4]
[7, 8, 9]
RRDDDDRR

12
